1,1,1.0,1.0,False,170,234,1,6.0,0.0,0.5,1.02,0.0,0.3,7.82,2018-09-24 14:06:25,2018-09-24 14:12:42,6
2,1,1.22,1.0,False,249,79,2,6.5,1.0,0.5,0.0,0.0,0.3,8.3,2018-08-10 18:09:41,2018-08-10 18:16:29,6
2,1,3.46,1.0,False,236,100,1,19.0,1.0,0.5,4.16,0.0,0.3,24.96,2018-01-30 18:56:49,2018-01-30 19:24:09,27
1,1,1.3,1.0,False,90,230,1,7.0,0.0,0.5,1.55,0.0,0.3,9.35,2018-01-18 07:57:23,2018-01-18 08:05:12,7
1,4,1.0,1.0,False,144,114,2,6.5,0.5,0.5,0.0,0.0,0.3,7.8,2018-08-28 21:24:13,2018-08-28 21:31:20,7
2,1,1.76,1.0,False,164,50,1,10.5,0.0,0.5,2.0,0.0,0.3,13.3,2018-03-24 19:13:02,2018-03-24 19:27:51,14
2,2,0.78,1.0,False,140,237,1,5.0,0.0,0.5,1.5,0.0,0.3,7.3,2018-01-28 17:40:13,2018-01-28 17:44:51,4
2,1,5.13,1.0,False,189,36,1,18.0,0.5,0.5,3.86,0.0,0.3,23.16,2018-05-07 23:02:34,2018-05-07 23:23:38,21
1,1,1.7,1.0,False,162,137,1,9.0,0.0,0.5,1.0,0.0,0.3,10.8,2018-04-14 19:11:02,2018-04-14 19:22:19,11
2,3,3.37,1.0,False,261,234,1,16.5,1.0,0.5,3.0,0.0,0.3,21.3,2018-07-25 17:55:59,2018-07-25 18:19:29,23
1,1,0.7,1.0,False,230,186,1,5.5,0.0,0.5,1.0,0.0,0.3,7.3,2018-02-11 15:44:23,2018-02-11 15:50:10,5
2,2,1.63,1.0,False,100,164,1,11.5,0.0,0.5,2.46,0.0,0.3,14.76,2018-05-12 14:09:22,2018-05-12 14:26:09,16
1,1,1.5,1.0,False,161,237,1,8.5,0.0,0.5,1.85,0.0,0.3,11.15,2018-04-18 13:40:35,2018-04-18 13:51:00,10